4 0.269 0.434 0.392 0.174 0.225
4 0.304 0.113 0.347 0.25 0.364
4 0.247 0.449 0.183 0.151 0.24
4 0.294 0.294 0.311 0.337 0.34
1 0.288 0.251 0.246 0.122 0.421
4 0.344 0.147 0.135 0.122 0.471
1 0.162 0.125 0.123 0.14 0.335
3 0.21 0.134 0.169 0.144 0.218
4 0.2 0.327 0.266 0.309 0.12
3 0.217 0.432 0.205 0.136 0.217
2 0.118 0.24 0.191 0.325 0.161
4 0.174 0.145 0.127 0.245 0.325
4 0.173 0.14 0.134 0.25 0.323
4 0.298 0.135 0.285 0.151 0.239
3 0.289 0.121 0.248 0.137 0.118
3 0.238 0.511 0.246 0.202 0.125
4 0.219 0.138 0.204 0.227 0.283
2 0.311 0.056 0.35 0.419 0.106
4 0.188 0.519 0.143 0.25 0.141
2 0.211 0.01 0.252 0.071 0.195
3 0.25 0.122 0.221 0.146 0.158
2 0.277 0.192 0.305 0.172 0.284
4 0.168 0.398 0.184 0.222 0.135
4 0.233 0.164 0.175 0.192 0.176
4 0.316 0.209 0.301 0.128 0.201
4 0.308 0.508 0.309 0.253 0.17
4 0.341 0.291 0.467 0.202 0.055
2 0.324 0.072 0.351 0.434 0.125
3 0.226 0.285 0.176 0.092 0.22
4 0.312 0.213 0.194 0.244 0.413
1 0.337 0.0 0.094 0.202 0.371
3 0.183 0.208 0.121 0.231 0.177
4 0.244 0.103 0.25 0.179 0.203
4 0.228 0.44 0.292 0.238 0.179
4 0.266 0.429 0.375 0.162 0.222
4 0.354 0.152 0.14 0.132 0.473
2 0.253 0.195 0.251 0.195 0.339
2 0.278 0.132 0.281 0.191 0.153
3 0.223 0.334 0.182 0.278 0.127
3 0.24 0.138 0.18 0.223 0.333
4 0.041 0.091 0.272 0.311 0.327
2 0.397 0.055 0.557 0.404 0.252
2 0.273 0.191 0.3 0.166 0.283
4 0.216 0.128 0.067 0.157 0.286
1 0.107 0.173 0.25 0.279 0.374
2 0.302 0.046 0.275 0.318 0.132
4 0.258 0.332 0.324 0.108 0.293
2 0.186 0.386 0.18 0.196 0.221
3 0.106 0.424 0.185 0.12 0.165
4 0.179 0.091 0.242 0.324 0.523
4 0.237 0.195 0.277 0.192 0.32
4 0.219 0.153 0.271 0.162 0.307
4 0.303 0.149 0.349 0.239 0.172
2 0.411 0.065 0.568 0.411 0.254
4 0.263 0.127 0.205 0.181 0.129
3 0.157 0.284 0.187 0.206 0.104
4 0.26 0.162 0.198 0.147 0.291
1 0.323 0.116 0.528 0.354 0.149
4 0.242 0.183 0.281 0.2 0.304
1 0.097 0.094 0.121 0.103 0.182
4 0.25 0.138 0.313 0.168 0.274
4 0.244 0.368 0.38 0.207 0.232
3 0.247 0.463 0.275 0.226 0.218
4 0.346 0.444 0.234 0.233 0.14
1 0.3 0.269 0.177 0.224 0.107
4 0.089 0.0 0.199 0.134 0.014
2 0.11 0.212 0.377 0.174 0.172
4 0.042 0.028 0.173 0.307 0.1
3 0.208 0.319 0.17 0.254 0.113
4 0.227 0.431 0.28 0.223 0.182
2 0.289 0.395 0.275 0.152 0.184
4 0.285 0.145 0.215 0.306 0.385
2 0.318 0.059 0.279 0.321 0.148
2 0.217 0.209 0.193 0.296 0.148
2 0.232 0.241 0.236 0.199 0.334
3 0.188 0.125 0.225 0.164 0.219
3 0.218 0.176 0.218 0.196 0.113
3 0.293 0.0 0.275 0.372 0.163
2 0.298 0.042 0.34 0.403 0.092
4 0.186 0.351 0.282 0.192 0.209
2 0.134 0.238 0.198 0.324 0.157
4 0.304 0.319 0.179 0.149 0.155
1 0.101 0.125 0.256 0.247 0.308
4 0.233 0.09 0.236 0.173 0.197
4 0.263 0.18 0.219 0.178 0.318
2 0.129 0.05 0.126 0.107 0.134
4 0.186 0.357 0.113 0.139 0.19
2 0.204 0.191 0.267 0.278 0.132
4 0.057 0.465 0.275 0.362 0.136
3 0.227 0.366 0.175 0.125 0.023
4 0.242 0.212 0.215 0.178 0.289
4 0.271 0.148 0.229 0.186 0.134
3 0.247 0.172 0.255 0.459 0.405
2 0.254 0.184 0.139 0.335 0.475
4 0.279 0.481 0.331 0.219 0.182
4 0.233 0.19 0.245 0.227 0.31
4 0.235 0.17 0.176 0.197 0.185
4 0.325 0.145 0.222 0.114 0.116
1 0.107 0.223 0.186 0.17 0.212
2 0.217 0.153 0.111 0.298 0.468
4 0.328 0.42 0.224 0.207 0.134
3 0.266 0.253 0.189 0.274 0.097
2 0.198 0.113 0.298 0.125 0.153
1 0.284 0.018 0.25 0.103 0.072
4 0.294 0.113 0.232 0.247 0.315
4 0.247 0.211 0.263 0.236 0.328
1 0.195 0.127 0.293 0.32 0.11
3 0.232 0.455 0.274 0.209 0.204
4 0.173 0.34 0.267 0.178 0.198
4 0.296 0.122 0.231 0.244 0.318
2 0.178 0.21 0.387 0.243 0.321
1 0.093 0.155 0.074 0.089 0.016
1 0.171 0.219 0.125 0.16 0.15
4 0.229 0.164 0.263 0.19 0.287
3 0.228 0.378 0.187 0.134 0.039
3 0.173 0.23 0.233 0.214 0.154
4 0.107 0.008 0.204 0.15 0.032
3 0.303 0.134 0.256 0.142 0.131
3 0.207 0.457 0.161 0.112 0.092
2 0.289 0.207 0.188 0.306 0.332
1 0.117 0.177 0.219 0.341 0.463
4 0.247 0.541 0.275 0.238 0.183
1 0.106 0.127 0.275 0.266 0.313
3 0.253 0.202 0.3 0.186 0.133
4 0.273 0.013 0.17 0.171 0.1
2 0.238 0.171 0.223 0.217 0.195
4 0.323 0.144 0.365 0.276 0.374
4 0.181 0.251 0.357 0.218 0.171
2 0.42 0.075 0.59 0.436 0.259
2 0.176 0.113 0.234 0.168 0.213
2 0.311 0.201 0.374 0.11 0.364
2 0.188 0.03 0.265 0.165 0.167
4 0.177 0.086 0.235 0.316 0.519
3 0.297 0.129 0.25 0.139 0.122
3 0.198 0.228 0.131 0.255 0.197
3 0.308 0.02 0.284 0.376 0.179
4 0.225 0.194 0.275 0.173 0.315
2 0.165 0.064 0.147 0.275 0.388
4 0.213 0.415 0.163 0.218 0.18
4 0.277 0.168 0.32 0.181 0.136
3 0.202 0.352 0.161 0.097 0.003
4 0.098 0.0 0.2 0.14 0.023
4 0.224 0.188 0.274 0.163 0.314
4 0.291 0.307 0.168 0.134 0.146
4 0.23 0.164 0.167 0.231 0.321
4 0.326 0.414 0.214 0.199 0.126
2 0.439 0.386 0.6 0.465 0.14
4 0.164 0.395 0.175 0.214 0.132
2 0.094 0.231 0.438 0.254 0.401
4 0.211 0.417 0.225 0.138 0.15
3 0.254 0.224 0.175 0.113 0.124
1 0.283 0.009 0.243 0.095 0.069
4 0.276 0.122 0.191 0.281 0.372
4 0.426 0.091 0.175 0.256 0.364
2 0.175 0.23 0.22 0.191 0.159
2 0.18 0.195 0.228 0.217 0.334
3 0.218 0.236 0.225 0.289 0.173
2 0.216 0.233 0.232 0.196 0.337
3 0.305 0.086 0.359 0.106 0.056
1 0.298 0.272 0.182 0.22 0.108
2 0.216 0.219 0.222 0.193 0.326
4 0.233 0.538 0.268 0.225 0.168
2 0.299 0.039 0.272 0.313 0.13
4 0.262 0.0 0.148 0.157 0.087
2 0.207 0.121 0.307 0.136 0.16
3 0.235 0.243 0.232 0.306 0.19
4 0.27 0.133 0.224 0.19 0.327
3 0.247 0.14 0.193 0.227 0.333
3 0.122 0.446 0.21 0.132 0.18
1 0.123 0.184 0.231 0.354 0.468
1 0.31 0.29 0.26 0.149 0.442
3 0.28 0.054 0.283 0.298 0.098
3 0.199 0.321 0.156 0.255 0.103
4 0.235 0.345 0.392 0.235 0.182
4 0.158 0.074 0.224 0.313 0.512
4 0.261 0.132 0.259 0.197 0.302
4 0.221 0.144 0.082 0.168 0.296
1 0.134 0.041 0.214 0.12 0.127
4 0.277 0.173 0.325 0.183 0.137
2 0.153 0.079 0.25 0.168 0.217
4 0.171 0.182 0.2 0.186 0.163
2 0.184 0.238 0.225 0.194 0.163
2 0.229 0.133 0.306 0.223 0.11
2 0.302 0.28 0.184 0.329 0.226
3 0.166 0.214 0.303 0.153 0.103
4 0.191 0.189 0.174 0.195 0.306
4 0.217 0.428 0.275 0.219 0.175
4 0.269 0.383 0.373 0.245 0.225
4 0.169 0.173 0.196 0.178 0.161
3 0.163 0.324 0.134 0.117 0.165
4 0.286 0.137 0.202 0.291 0.378
2 0.285 0.393 0.269 0.142 0.181
4 0.199 0.211 0.23 0.366 0.424
3 0.156 0.193 0.298 0.148 0.094
4 0.198 0.118 0.216 0.254 0.419
3 0.23 0.18 0.227 0.2 0.117
2 0.198 0.231 0.403 0.264 0.332
4 0.205 0.33 0.253 0.295 0.115
3 0.107 0.433 0.2 0.132 0.167
3 0.153 0.026 0.25 0.237 0.328
4 0.237 0.183 0.175 0.236 0.327
4 0.253 0.463 0.2 0.153 0.252
4 0.251 0.294 0.127 0.22 0.204
4 0.153 0.258 0.125 0.132 0.217
1 0.311 0.258 0.3 0.289 0.026
1 0.272 0.149 0.217 0.104 0.086
4 0.206 0.194 0.178 0.198 0.309
2 0.258 0.176 0.298 0.154 0.279
4 0.226 0.175 0.262 0.16 0.231
4 0.251 0.174 0.191 0.204 0.183
4 0.342 0.145 0.131 0.12 0.462
4 0.181 0.091 0.255 0.316 0.526
4 0.171 0.502 0.135 0.238 0.137
4 0.213 0.134 0.2 0.218 0.277
2 0.27 0.381 0.257 0.152 0.168
2 0.19 0.0 0.242 0.06 0.176
4 0.226 0.162 0.166 0.19 0.169
3 0.29 0.0 0.271 0.363 0.154
3 0.226 0.148 0.234 0.427 0.382
4 0.341 0.295 0.475 0.209 0.07
1 0.172 0.233 0.35 0.172 0.263
4 0.174 0.688 0.19 0.552 0.424
1 0.111 0.179 0.257 0.285 0.375
4 0.341 0.429 0.231 0.217 0.147
2 0.289 0.268 0.17 0.315 0.213
1 0.089 0.094 0.106 0.095 0.179
1 0.35 0.008 0.108 0.217 0.377
4 0.158 0.67 0.175 0.516 0.401
4 0.317 0.138 0.342 0.27 0.348
2 0.29 0.396 0.278 0.162 0.19
3 0.366 0.185 0.287 0.191 0.168
2 0.216 0.214 0.208 0.193 0.322
4 0.163 0.494 0.126 0.232 0.134
2 0.273 0.235 0.206 0.196 0.11
4 0.049 0.455 0.275 0.349 0.116
4 0.274 0.183 0.207 0.17 0.298
4 0.284 0.105 0.225 0.238 0.306
4 0.243 0.185 0.177 0.24 0.333
2 0.169 0.125 0.29 0.196 0.322
4 0.2 0.256 0.391 0.232 0.193
4 0.228 0.17 0.268 0.196 0.294
2 0.139 0.122 0.284 0.221 0.105
4 0.308 0.153 0.348 0.25 0.177
4 0.272 0.163 0.345 0.187 0.294
4 0.208 0.416 0.225 0.135 0.142
3 0.215 0.226 0.218 0.285 0.161
4 0.318 0.171 0.156 0.225 0.309
4 0.085 0.0 0.195 0.135 0.005
3 0.306 0.141 0.256 0.143 0.124
1 0.126 0.114 0.221 0.173 0.319
2 0.102 0.213 0.378 0.17 0.167
1 0.287 0.261 0.165 0.215 0.095
4 0.184 0.258 0.384 0.227 0.189
4 0.207 0.124 0.196 0.211 0.276
4 0.265 0.177 0.268 0.21 0.36
2 0.135 0.121 0.275 0.219 0.103
3 0.19 0.246 0.244 0.205 0.31
1 0.169 0.214 0.125 0.153 0.142
4 0.279 0.102 0.225 0.235 0.298
3 0.167 0.395 0.125 0.243 0.165
1 0.294 0.263 0.247 0.134 0.418
4 0.487 0.086 0.269 0.318 0.109
1 0.21 0.153 0.317 0.337 0.124
2 0.166 0.204 0.173 0.301 0.209
4 0.285 0.152 0.225 0.204 0.328
4 0.243 0.133 0.125 0.238 0.246
2 0.253 0.237 0.255 0.125 0.163
4 0.246 0.202 0.277 0.178 0.237
4 0.273 0.163 0.312 0.18 0.119
3 0.105 0.118 0.299 0.158 0.101
3 0.202 0.41 0.197 0.202 0.171
2 0.456 0.4 0.61 0.473 0.153
4 0.257 0.159 0.327 0.187 0.284
2 0.205 0.047 0.286 0.18 0.171
3 0.282 0.122 0.22 0.201 0.381
1 0.302 0.271 0.25 0.137 0.426
3 0.375 0.19 0.291 0.199 0.178
4 0.33 0.161 0.232 0.122 0.133
4 0.238 0.114 0.223 0.433 0.349
2 0.27 0.118 0.269 0.181 0.149
3 0.163 0.201 0.3 0.153 0.097
3 0.163 0.29 0.191 0.216 0.1
2 0.198 0.133 0.308 0.13 0.097
3 0.163 0.219 0.225 0.204 0.138
4 0.293 0.773 0.3 0.372 0.442
4 0.284 0.295 0.309 0.337 0.338
4 0.204 0.133 0.195 0.211 0.269
1 0.11 0.107 0.126 0.111 0.185
3 0.253 0.199 0.305 0.195 0.142
1 0.314 0.111 0.524 0.349 0.133
2 0.323 0.215 0.378 0.118 0.381
4 0.339 0.529 0.335 0.273 0.195
3 0.252 0.473 0.288 0.241 0.227
4 0.215 0.203 0.19 0.206 0.32
4 0.243 0.541 0.267 0.231 0.173
4 0.264 0.107 0.263 0.197 0.208
3 0.279 0.119 0.239 0.137 0.121
4 0.317 0.159 0.35 0.256 0.186
4 0.289 0.133 0.274 0.144 0.23
3 0.232 0.118 0.17 0.215 0.321
1 0.087 0.2 0.172 0.163 0.195
2 0.287 0.142 0.282 0.188 0.166
4 0.184 0.317 0.244 0.287 0.098
3 0.224 0.441 0.223 0.146 0.226
4 0.212 0.185 0.317 0.268 0.151
4 0.269 0.001 0.158 0.167 0.098
4 0.042 0.093 0.272 0.318 0.332
4 0.17 0.342 0.274 0.175 0.187
4 0.312 0.132 0.341 0.272 0.35
2 0.104 0.256 0.456 0.263 0.428
3 0.288 0.065 0.28 0.302 0.105
4 0.313 0.231 0.2 0.262 0.421
3 0.144 0.395 0.249 0.262 0.17
4 0.254 0.346 0.321 0.123 0.289
4 0.102 0.003 0.219 0.154 0.041
3 0.218 0.127 0.168 0.154 0.223
1 0.127 0.115 0.225 0.176 0.325
2 0.177 0.212 0.181 0.309 0.217
4 0.195 0.326 0.25 0.293 0.113
4 0.184 0.248 0.375 0.222 0.173
2 0.242 0.185 0.26 0.195 0.331
3 0.155 0.028 0.255 0.242 0.329
4 0.256 0.129 0.25 0.194 0.299
1 0.128 0.122 0.228 0.184 0.327
4 0.254 0.314 0.325 0.136 0.125
2 0.232 0.163 0.117 0.315 0.466
2 0.165 0.226 0.215 0.193 0.145
4 0.474 0.088 0.274 0.316 0.102
3 0.177 0.302 0.21 0.238 0.107
4 0.294 0.773 0.319 0.376 0.46
4 0.411 0.084 0.165 0.249 0.363
3 0.383 0.197 0.3 0.203 0.186
1 0.122 0.182 0.225 0.349 0.465
4 0.304 0.194 0.288 0.11 0.167
3 0.279 0.244 0.179 0.134 0.151
2 0.271 0.182 0.296 0.16 0.274
2 0.183 0.22 0.193 0.318 0.232
2 0.173 0.368 0.167 0.174 0.205
2 0.137 0.254 0.209 0.339 0.166
4 0.26 0.191 0.267 0.216 0.364
3 0.206 0.158 0.216 0.182 0.11
4 0.188 0.364 0.122 0.151 0.209
3 0.292 0.0 0.268 0.371 0.157
1 0.11 0.176 0.077 0.093 0.033
2 0.245 0.146 0.313 0.225 0.121
3 0.264 0.106 0.215 0.183 0.364
4 0.268 0.191 0.227 0.19 0.329
2 0.194 0.133 0.325 0.129 0.233
3 0.265 0.039 0.266 0.291 0.083
4 0.427 0.19 0.316 0.191 0.294
4 0.336 0.428 0.225 0.213 0.137
2 0.384 0.163 0.3 0.178 0.213
4 0.251 0.269 0.364 0.216 0.123
1 0.161 0.207 0.118 0.151 0.139
4 0.295 0.481 0.342 0.228 0.174
3 0.176 0.405 0.13 0.256 0.172
2 0.239 0.168 0.231 0.191 0.316
3 0.195 0.125 0.232 0.174 0.219
4 0.178 0.347 0.275 0.185 0.205
4 0.295 0.185 0.343 0.198 0.144
4 0.233 0.157 0.275 0.176 0.324
4 0.274 0.293 0.3 0.336 0.328
1 0.092 0.145 0.068 0.073 0.017
3 0.389 0.204 0.318 0.22 0.19
3 0.256 0.52 0.254 0.211 0.133
4 0.1 0.099 0.31 0.297 0.166
2 0.237 0.166 0.125 0.316 0.471
4 0.266 0.143 0.225 0.182 0.131
2 0.238 0.174 0.128 0.317 0.471
2 0.239 0.183 0.25 0.193 0.327
2 0.216 0.225 0.225 0.194 0.328
4 0.237 0.159 0.281 0.177 0.326
4 0.348 0.296 0.476 0.212 0.074
4 0.293 0.133 0.275 0.146 0.239
3 0.215 0.462 0.165 0.114 0.098
4 0.363 0.156 0.155 0.131 0.486
1 0.168 0.149 0.187 0.269 0.315
1 0.195 0.136 0.3 0.326 0.116
3 0.106 0.121 0.306 0.164 0.106
4 0.215 0.185 0.306 0.254 0.16
4 0.281 0.211 0.291 0.23 0.369
2 0.254 0.185 0.226 0.232 0.213
4 0.098 0.091 0.3 0.279 0.163
4 0.291 0.332 0.275 0.219 0.231
1 0.151 0.213 0.113 0.141 0.14
4 0.373 0.34 0.279 0.122 0.129
4 0.219 0.189 0.325 0.273 0.161
4 0.253 0.377 0.36 0.241 0.227
3 0.166 0.297 0.2 0.223 0.106
3 0.317 0.091 0.375 0.116 0.07
2 0.309 0.049 0.348 0.418 0.101
1 0.317 0.114 0.525 0.349 0.14
3 0.262 0.098 0.205 0.175 0.356
2 0.171 0.068 0.15 0.279 0.395
4 0.292 0.174 0.323 0.292 0.415
1 0.098 0.17 0.249 0.27 0.371
3 0.273 0.046 0.275 0.296 0.093
3 0.217 0.471 0.184 0.125 0.108
2 0.143 0.1 0.267 0.191 0.311
4 0.433 0.178 0.305 0.19 0.302
2 0.163 0.088 0.252 0.176 0.225
3 0.175 0.217 0.124 0.233 0.164
3 0.183 0.332 0.155 0.136 0.183
3 0.172 0.118 0.135 0.116 0.219
3 0.166 0.325 0.15 0.134 0.167
3 0.211 0.107 0.216 0.245 0.366
2 0.327 0.216 0.175 0.243 0.324
4 0.381 0.104 0.45 0.267 0.176
3 0.243 0.345 0.128 0.241 0.136
4 0.432 0.094 0.176 0.258 0.365
4 0.211 0.215 0.201 0.217 0.319
1 0.124 0.097 0.225 0.166 0.306
4 0.197 0.36 0.292 0.194 0.212
1 0.319 0.124 0.535 0.355 0.14
4 0.146 0.023 0.225 0.349 0.465
2 0.205 0.115 0.3 0.133 0.154
4 0.172 0.503 0.138 0.239 0.137
2 0.144 0.078 0.245 0.16 0.209
1 0.103 0.206 0.182 0.163 0.2
1 0.198 0.137 0.309 0.332 0.125
1 0.286 0.244 0.164 0.21 0.1
4 0.233 0.202 0.278 0.178 0.321
1 0.165 0.132 0.125 0.144 0.344
2 0.217 0.126 0.293 0.214 0.101
4 0.256 0.428 0.375 0.159 0.217
1 0.312 0.113 0.517 0.336 0.129
4 0.287 0.402 0.381 0.264 0.247
3 0.257 0.159 0.272 0.229 0.432
4 0.275 0.121 0.193 0.278 0.363
4 0.317 0.122 0.343 0.261 0.359
4 0.239 0.192 0.275 0.173 0.236
4 0.263 0.164 0.2 0.157 0.295
4 0.252 0.545 0.283 0.246 0.19
2 0.174 0.204 0.241 0.229 0.344
1 0.314 0.264 0.3 0.297 0.031
3 0.214 0.408 0.195 0.204 0.185
1 0.132 0.116 0.233 0.178 0.327
3 0.166 0.22 0.214 0.195 0.29
4 0.054 0.049 0.185 0.345 0.124
4 0.366 0.325 0.275 0.115 0.123
3 0.21 0.43 0.203 0.129 0.215
3 0.277 0.164 0.275 0.237 0.436
3 0.252 0.465 0.278 0.227 0.228
3 0.278 0.17 0.282 0.241 0.44
2 0.275 0.192 0.169 0.278 0.323
2 0.173 0.204 0.175 0.305 0.217
2 0.211 0.423 0.226 0.12 0.198
2 0.218 0.198 0.184 0.299 0.149
2 0.383 0.153 0.299 0.177 0.204
4 0.239 0.347 0.368 0.184 0.212
4 0.211 0.422 0.265 0.21 0.166
4 0.294 0.183 0.325 0.293 0.424
4 0.277 0.165 0.317 0.292 0.416
4 0.417 0.174 0.282 0.164 0.275
3 0.176 0.12 0.144 0.118 0.222
3 0.238 0.152 0.179 0.175 0.237
2 0.206 0.415 0.218 0.105 0.187
4 0.163 0.036 0.185 0.278 0.327
4 0.251 0.221 0.233 0.188 0.299
3 0.217 0.325 0.175 0.261 0.113
1 0.103 0.216 0.185 0.166 0.204
4 0.219 0.191 0.248 0.22 0.305
4 0.216 0.33 0.385 0.224 0.18
1 0.283 0.163 0.215 0.105 0.103
4 0.258 0.315 0.254 0.204 0.224
4 0.236 0.198 0.25 0.233 0.314
2 0.287 0.202 0.181 0.291 0.325
4 0.313 0.144 0.275 0.158 0.254
3 0.247 0.194 0.3 0.182 0.132
2 0.179 0.379 0.172 0.193 0.208
4 0.209 0.139 0.239 0.27 0.43
4 0.241 0.36 0.367 0.201 0.225
4 0.089 0.09 0.298 0.271 0.163
4 0.327 0.522 0.325 0.264 0.183
3 0.299 0.003 0.284 0.375 0.171
2 0.241 0.186 0.228 0.227 0.2
1 0.417 0.161 0.526 0.262 0.169
4 0.389 0.112 0.456 0.277 0.185
4 0.252 0.454 0.193 0.143 0.242
3 0.213 0.432 0.19 0.13 0.216
4 0.135 0.014 0.217 0.349 0.46
4 0.337 0.147 0.119 0.112 0.468
4 0.268 0.0 0.15 0.163 0.093
1 0.102 0.098 0.125 0.103 0.183
4 0.375 0.099 0.446 0.26 0.17
2 0.193 0.23 0.415 0.271 0.346
1 0.131 0.025 0.2 0.107 0.125
4 0.347 0.311 0.476 0.211 0.084
1 0.295 0.166 0.226 0.12 0.108
4 0.169 0.164 0.183 0.174 0.149
1 0.173 0.242 0.36 0.175 0.268
4 0.259 0.351 0.325 0.127 0.293
2 0.28 0.202 0.3 0.169 0.299
3 0.179 0.12 0.222 0.158 0.212
3 0.217 0.465 0.175 0.122 0.107
4 0.33 0.15 0.365 0.282 0.37
4 0.083 0.084 0.287 0.276 0.143
3 0.234 0.327 0.129 0.229 0.125
3 0.272 0.112 0.221 0.185 0.373
1 0.303 0.023 0.263 0.112 0.073
3 0.234 0.12 0.173 0.211 0.321
2 0.155 0.101 0.22 0.155 0.194
2 0.207 0.418 0.225 0.115 0.194
3 0.161 0.194 0.295 0.138 0.088
3 0.285 0.261 0.205 0.28 0.105
2 0.285 0.246 0.227 0.205 0.134
4 0.425 0.177 0.3 0.182 0.294
4 0.049 0.045 0.175 0.326 0.116
4 0.504 0.092 0.294 0.346 0.13
2 0.191 0.127 0.323 0.12 0.23
2 0.268 0.236 0.217 0.195 0.122
2 0.318 0.06 0.352 0.425 0.112
2 0.199 0.134 0.329 0.134 0.236
4 0.056 0.46 0.281 0.352 0.119
4 0.232 0.269 0.12 0.201 0.181
1 0.435 0.17 0.544 0.265 0.178
4 0.215 0.421 0.171 0.231 0.179
4 0.247 0.312 0.31 0.122 0.105
2 0.209 0.198 0.279 0.291 0.154
4 0.281 0.174 0.331 0.19 0.146
4 0.207 0.196 0.185 0.204 0.318
2 0.233 0.18 0.241 0.188 0.322
4 0.27 0.465 0.317 0.204 0.169
2 0.144 0.136 0.294 0.222 0.113
3 0.205 0.139 0.24 0.165 0.224
2 0.277 0.181 0.166 0.275 0.31
2 0.277 0.236 0.225 0.198 0.128
1 0.147 0.121 0.178 0.248 0.298
4 0.033 0.087 0.263 0.31 0.323
3 0.219 0.271 0.165 0.086 0.216
4 0.193 0.202 0.225 0.361 0.408
1 0.162 0.224 0.347 0.17 0.263
3 0.268 0.127 0.225 0.155 0.168
3 0.325 0.1 0.392 0.132 0.083
4 0.246 0.183 0.295 0.21 0.31
4 0.15 0.256 0.122 0.124 0.207
2 0.18 0.025 0.268 0.155 0.162
4 0.264 0.283 0.375 0.224 0.132
2 0.166 0.186 0.216 0.213 0.325
2 0.2 0.185 0.27 0.277 0.148
4 0.253 0.0 0.138 0.144 0.091
2 0.193 0.099 0.289 0.123 0.135
4 0.302 0.78 0.305 0.376 0.443
4 0.273 0.386 0.375 0.247 0.231
4 0.275 0.456 0.321 0.191 0.167
4 0.268 0.316 0.27 0.212 0.224
2 0.192 0.228 0.4 0.257 0.328
4 0.302 0.319 0.182 0.146 0.157
2 0.214 0.429 0.242 0.116 0.208
4 0.168 0.273 0.133 0.135 0.228
3 0.269 0.25 0.2 0.275 0.099
4 0.159 0.028 0.239 0.356 0.466
4 0.251 0.166 0.22 0.168 0.31
2 0.305 0.404 0.277 0.157 0.185
2 0.448 0.391 0.604 0.465 0.143
2 0.326 0.208 0.173 0.235 0.317
2 0.196 0.043 0.277 0.173 0.179
3 0.159 0.387 0.125 0.234 0.16
2 0.177 0.071 0.163 0.279 0.41
4 0.277 0.472 0.325 0.211 0.173
2 0.125 0.104 0.26 0.219 0.092
2 0.292 0.269 0.168 0.319 0.214
4 0.193 0.32 0.245 0.287 0.104
3 0.169 0.116 0.116 0.112 0.217
3 0.228 0.321 0.123 0.221 0.116
4 0.173 0.081 0.231 0.314 0.509
4 0.328 0.153 0.357 0.281 0.363
3 0.187 0.238 0.232 0.198 0.297
3 0.195 0.225 0.131 0.243 0.184
4 0.191 0.198 0.215 0.345 0.4
2 0.12 0.038 0.115 0.097 0.123
2 0.418 0.069 0.581 0.423 0.261
3 0.264 0.126 0.221 0.151 0.167
3 0.177 0.23 0.219 0.192 0.289
4 0.155 0.122 0.118 0.229 0.298
4 0.346 0.171 0.235 0.136 0.134
1 0.185 0.238 0.358 0.18 0.278
2 0.329 0.225 0.177 0.247 0.33
4 0.167 0.136 0.125 0.236 0.317
3 0.166 0.382 0.108 0.23 0.152
4 0.322 0.144 0.35 0.277 0.356
2 0.216 0.108 0.285 0.199 0.105
1 0.329 0.274 0.309 0.305 0.033
2 0.227 0.162 0.337 0.144 0.121
4 0.216 0.31 0.371 0.215 0.166
4 0.214 0.324 0.366 0.216 0.167
3 0.229 0.418 0.208 0.223 0.195
2 0.216 0.153 0.325 0.132 0.116
2 0.294 0.273 0.175 0.327 0.218
1 0.134 0.025 0.209 0.112 0.129
4 0.158 0.019 0.183 0.27 0.31
4 0.432 0.104 0.178 0.274 0.367
4 0.158 0.036 0.179 0.274 0.322
4 0.263 0.166 0.204 0.159 0.305
1 0.102 0.169 0.08 0.103 0.027
2 0.281 0.25 0.233 0.202 0.14
2 0.233 0.156 0.221 0.22 0.182
3 0.126 0.2 0.117 0.231 0.099
3 0.245 0.454 0.265 0.217 0.213
4 0.27 0.279 0.291 0.332 0.323
3 0.296 0.271 0.207 0.279 0.113
4 0.146 0.245 0.112 0.124 0.208
2 0.098 0.205 0.375 0.163 0.163
4 0.283 0.129 0.2 0.287 0.376
2 0.192 0.035 0.275 0.166 0.17
3 0.272 0.236 0.175 0.126 0.144
3 0.225 0.434 0.207 0.138 0.226
4 0.202 0.136 0.235 0.266 0.421
4 0.277 0.391 0.383 0.252 0.235
3 0.355 0.18 0.182 0.3 0.355
2 0.108 0.264 0.459 0.264 0.435
4 0.362 0.325 0.274 0.113 0.12
2 0.206 0.143 0.335 0.136 0.24
2 0.214 0.193 0.175 0.294 0.139
2 0.134 0.246 0.2 0.329 0.163
2 0.152 0.106 0.275 0.195 0.315
4 0.424 0.172 0.294 0.176 0.285
3 0.091 0.12 0.303 0.16 0.094
3 0.282 0.18 0.277 0.242 0.437
4 0.247 0.136 0.13 0.239 0.251
2 0.173 0.178 0.221 0.215 0.31
2 0.184 0.224 0.396 0.252 0.324
3 0.22 0.364 0.175 0.116 0.023
4 0.283 0.092 0.218 0.219 0.302
4 0.165 0.679 0.169 0.527 0.415
4 0.229 0.189 0.266 0.164 0.231
1 0.157 0.143 0.191 0.262 0.313
3 0.115 0.128 0.326 0.171 0.113
3 0.272 0.159 0.272 0.228 0.432
4 0.332 0.195 0.184 0.247 0.339
4 0.248 0.305 0.319 0.132 0.115
4 0.383 0.116 0.452 0.279 0.185
4 0.216 0.327 0.375 0.216 0.174
3 0.163 0.316 0.142 0.129 0.161
4 0.026 0.086 0.26 0.304 0.318
4 0.191 0.242 0.325 0.155 0.386
4 0.23 0.429 0.178 0.237 0.188
3 0.21 0.268 0.163 0.076 0.207
2 0.142 0.057 0.137 0.114 0.126
2 0.127 0.042 0.125 0.106 0.124
1 0.187 0.234 0.133 0.168 0.142
2 0.094 0.248 0.441 0.255 0.418
3 0.108 0.124 0.306 0.166 0.11
3 0.235 0.191 0.298 0.176 0.113
4 0.184 0.253 0.375 0.223 0.182
4 0.33 0.125 0.356 0.268 0.366
3 0.266 0.227 0.173 0.125 0.135
4 0.053 0.054 0.18 0.328 0.123
4 0.322 0.208 0.305 0.13 0.184
3 0.231 0.326 0.125 0.223 0.117
4 0.488 0.099 0.283 0.333 0.116
4 0.242 0.366 0.375 0.203 0.231
2 0.294 0.034 0.261 0.313 0.124
4 0.264 0.183 0.225 0.186 0.325
4 0.247 0.112 0.247 0.184 0.283
4 0.242 0.159 0.277 0.183 0.325
4 0.237 0.277 0.125 0.204 0.188
4 0.267 0.355 0.328 0.136 0.299
1 0.138 0.197 0.234 0.352 0.472
2 0.206 0.0 0.25 0.068 0.186
3 0.17 0.327 0.156 0.14 0.168
3 0.328 0.149 0.173 0.277 0.328
2 0.284 0.192 0.175 0.286 0.324
1 0.13 0.019 0.192 0.098 0.115
3 0.14 0.013 0.238 0.222 0.313
4 0.29 0.769 0.291 0.367 0.438
4 0.303 0.19 0.337 0.3 0.443
4 0.324 0.164 0.367 0.261 0.189
3 0.221 0.477 0.179 0.135 0.117
1 0.408 0.152 0.522 0.253 0.154
2 0.415 0.068 0.575 0.419 0.256
4 0.231 0.268 0.114 0.197 0.178
2 0.197 0.0 0.242 0.059 0.177
3 0.166 0.406 0.254 0.284 0.177
4 0.182 0.244 0.322 0.146 0.387
3 0.165 0.11 0.132 0.107 0.217
2 0.254 0.245 0.267 0.135 0.172
3 0.155 0.218 0.222 0.203 0.137
4 0.304 0.222 0.196 0.258 0.415
2 0.238 0.176 0.225 0.223 0.197
3 0.24 0.513 0.239 0.198 0.124
4 0.316 0.231 0.207 0.27 0.424
3 0.274 0.131 0.232 0.157 0.169
4 0.328 0.251 0.216 0.272 0.435
3 0.105 0.426 0.191 0.128 0.166
4 0.176 0.69 0.181 0.543 0.419
3 0.186 0.113 0.212 0.157 0.216
4 0.369 0.328 0.283 0.118 0.127
2 0.247 0.232 0.25 0.124 0.153
4 0.254 0.153 0.325 0.186 0.275
4 0.24 0.103 0.242 0.169 0.194
4 0.193 0.364 0.128 0.163 0.217
3 0.214 0.308 0.118 0.205 0.101
1 0.345 0.005 0.116 0.228 0.378
1 0.095 0.173 0.237 0.268 0.371
3 0.134 0.219 0.135 0.24 0.11
3 0.212 0.267 0.161 0.08 0.199
4 0.304 0.196 0.291 0.113 0.18
3 0.149 0.211 0.205 0.193 0.124
2 0.4 0.166 0.302 0.185 0.219
4 0.247 0.136 0.138 0.258 0.261
3 0.193 0.218 0.125 0.237 0.183
1 0.164 0.121 0.118 0.125 0.34
1 0.119 0.137 0.277 0.283 0.314
2 0.432 0.377 0.599 0.46 0.135
4 0.27 0.288 0.377 0.23 0.139
4 0.184 0.186 0.201 0.204 0.173
4 0.267 0.16 0.245 0.182 0.144
4 0.226 0.115 0.116 0.227 0.241
2 0.151 0.069 0.241 0.166 0.206
3 0.217 0.413 0.2 0.205 0.188
4 0.314 0.177 0.167 0.229 0.325
1 0.415 0.159 0.525 0.256 0.163
2 0.175 0.115 0.309 0.115 0.229
4 0.245 0.111 0.254 0.184 0.208
4 0.263 0.274 0.367 0.218 0.124
3 0.292 0.244 0.189 0.137 0.152
4 0.271 0.131 0.255 0.195 0.316
1 0.152 0.137 0.185 0.261 0.304
4 0.267 0.468 0.218 0.154 0.264
2 0.278 0.125 0.275 0.186 0.153
2 0.166 0.103 0.225 0.163 0.206
2 0.237 0.231 0.247 0.119 0.149
3 0.158 0.404 0.269 0.28 0.191
4 0.236 0.174 0.275 0.198 0.295
2 0.345 0.229 0.191 0.248 0.337
4 0.192 0.248 0.325 0.163 0.395
4 0.193 0.255 0.333 0.174 0.4
4 0.164 0.051 0.186 0.291 0.341
4 0.242 0.28 0.131 0.21 0.191
3 0.344 0.165 0.178 0.305 0.347
3 0.277 0.257 0.2 0.277 0.103
2 0.122 0.028 0.119 0.096 0.12
2 0.227 0.127 0.3 0.214 0.106
1 0.284 0.008 0.244 0.103 0.056
4 0.045 0.039 0.174 0.318 0.11
4 0.317 0.153 0.219 0.111 0.121
3 0.247 0.16 0.255 0.447 0.401
2 0.188 0.393 0.191 0.21 0.234
3 0.18 0.123 0.137 0.122 0.228
4 0.149 0.376 0.164 0.211 0.127
1 0.122 0.017 0.19 0.102 0.105
4 0.202 0.136 0.232 0.262 0.418
2 0.162 0.185 0.162 0.293 0.198
1 0.288 0.019 0.257 0.105 0.074
1 0.166 0.134 0.128 0.148 0.348
1 0.324 0.0 0.08 0.202 0.358
4 0.282 0.2 0.232 0.203 0.335
3 0.244 0.159 0.25 0.442 0.395
4 0.154 0.395 0.165 0.207 0.124
4 0.217 0.136 0.075 0.164 0.295
3 0.218 0.136 0.175 0.163 0.224
4 0.205 0.414 0.222 0.134 0.138
4 0.264 0.287 0.294 0.334 0.323
4 0.169 0.412 0.188 0.223 0.143
3 0.226 0.177 0.225 0.198 0.113
4 0.163 0.129 0.124 0.231 0.313
3 0.248 0.516 0.25 0.204 0.129
4 0.273 0.201 0.276 0.22 0.364
4 0.329 0.528 0.33 0.271 0.192
2 0.222 0.16 0.326 0.139 0.123
3 0.125 0.211 0.119 0.236 0.098
4 0.228 0.198 0.212 0.183 0.29
1 0.304 0.256 0.297 0.279 0.021
2 0.215 0.132 0.31 0.15 0.161
4 0.276 0.29 0.386 0.225 0.15
4 0.267 0.194 0.275 0.217 0.364
1 0.303 0.28 0.252 0.138 0.434
3 0.175 0.402 0.134 0.245 0.169
2 0.211 0.19 0.173 0.286 0.131
1 0.109 0.137 0.279 0.274 0.321
4 0.156 0.259 0.131 0.134 0.226
4 0.259 0.543 0.288 0.244 0.185
3 0.266 0.028 0.258 0.287 0.083
4 0.257 0.314 0.328 0.14 0.128
4 0.313 0.204 0.3 0.122 0.183
3 0.245 0.105 0.214 0.173 0.35
4 0.333 0.287 0.471 0.204 0.061
4 0.293 0.316 0.175 0.137 0.154
3 0.169 0.304 0.207 0.231 0.114
4 0.296 0.155 0.238 0.208 0.34
4 0.377 0.103 0.443 0.25 0.164
4 0.214 0.192 0.269 0.166 0.3
4 0.223 0.152 0.268 0.166 0.319
4 0.1 0.101 0.301 0.283 0.167
4 0.219 0.143 0.08 0.173 0.302
4 0.266 0.357 0.329 0.142 0.311
4 0.254 0.428 0.375 0.154 0.208
4 0.288 0.16 0.234 0.212 0.33
1 0.104 0.22 0.199 0.18 0.219
2 0.368 0.153 0.287 0.168 0.209
4 0.195 0.369 0.13 0.152 0.211
4 0.152 0.031 0.227 0.357 0.467
3 0.151 0.388 0.246 0.27 0.167
4 0.232 0.18 0.173 0.232 0.318
2 0.129 0.112 0.268 0.209 0.098
1 0.4 0.152 0.524 0.252 0.16
4 0.255 0.468 0.203 0.156 0.252
2 0.267 0.119 0.263 0.176 0.135
4 0.488 0.091 0.275 0.326 0.116
4 0.417 0.085 0.169 0.252 0.357
2 0.183 0.384 0.175 0.193 0.216
4 0.229 0.105 0.217 0.42 0.334
3 0.183 0.237 0.225 0.196 0.295
4 0.218 0.155 0.171 0.186 0.175
